 1000 0.005974 0.005731 
 1002 0.005848 0.003978 
 1004 0.005198 0.005960 
 1006 0.006061 0.005876 
 1008 0.006022 0.005699 
 1010 0.006657 0.006243 
 1012 0.006145 0.005776 
 1014 0.005536 0.004964 
 1016 0.004319 0.007570 
 1018 0.009790 0.005711 
 1020 0.004323 0.004155 
 1022 0.004649 0.004091 
 1024 0.004071 0.005563 
 1026 0.004266 0.004081 
 1028 0.004380 0.004124 
 1030 0.004369 0.004235 
 1032 0.005335 0.004433 
 1034 0.007171 0.004960 
 1036 0.005523 0.005810 
 1038 0.005908 0.005790 
 1040 0.005992 0.008800 
 1042 0.009132 0.009095 
 1044 0.007862 0.010048 
 1046 0.006250 0.006316 
 1048 0.006618 0.008365 
 1050 0.006171 0.005977 
 1052 0.008611 0.008106 
 1054 0.006270 0.006336 
 1056 0.006639 0.006322 
 1058 0.007795 0.007271 
 1060 0.007204 0.007273 
 1062 0.006818 0.006357 
 1064 0.006682 0.006451 
 1066 0.006743 0.006407 
 1068 0.007670 0.005919 
 1070 0.005922 0.006647 
 1072 0.008623 0.006393 
 1074 0.006415 0.005473 
 1076 0.005177 0.006302 
 1078 0.006385 0.006161 
 1080 0.006954 0.007779 
 1082 0.008454 0.008606 
 1084 0.012159 0.008358 
 1086 0.005710 0.006466 
 1088 0.007506 0.005000 
 1090 0.007089 0.007021 
 1092 0.007167 0.007218 
 1094 0.007437 0.006854 
 1096 0.007289 0.007036 
 1098 0.007781 0.006909 
 1100 0.007048 0.007168 
 1102 0.009146 0.007000 
 1104 0.007181 0.008762 
 1106 0.008027 0.008348 
 1108 0.007809 0.007225 
 1110 0.007261 0.009256 
 1112 0.009079 0.007731 
 1114 0.007102 0.007334 
 1116 0.007145 0.007179 
 1118 0.008024 0.009260 
 1120 0.010321 0.010161 
 1122 0.009593 0.008118 
 1124 0.007842 0.007807 
 1126 0.009148 0.008165 
 1128 0.007957 0.007858 
 1130 0.009739 0.007372 
 1132 0.008811 0.007755 
 1134 0.007688 0.007836 
 1136 0.007985 0.008172 
 1138 0.007799 0.008288 
 1140 0.006589 0.007075 
 1142 0.007602 0.008399 
 1144 0.007737 0.007970 
 1146 0.008680 0.008300 
 1148 0.007568 0.007886 
 1150 0.007487 0.006987 
 1152 0.006016 0.007969 
 1154 0.007476 0.005467 
 1156 0.005916 0.007802 
 1158 0.008878 0.006666 
 1160 0.008067 0.007642 
 1162 0.005757 0.007780 
 1164 0.008289 0.007634 
 1166 0.007606 0.007898 
 1168 0.008245 0.006977 
 1170 0.009067 0.008114 
 1172 0.009076 0.007982 
 1174 0.007819 0.007729 
 1176 0.008276 0.010393 
 1178 0.011748 0.010272 
 1180 0.008535 0.008371 
 1182 0.007804 0.007606 
 1184 0.007391 0.008004 
 1186 0.008188 0.007606 
 1188 0.007917 0.008590 
 1190 0.009233 0.008333 
 1192 0.008144 0.009032 
 1194 0.009835 0.009884 
 1196 0.010261 0.010620 
 1198 0.008722 0.008931 
 1200 0.010116 0.012467 
 1202 0.009788 0.008639 
 1204 0.008925 0.010715 
 1206 0.007943 0.008965 
 1208 0.009071 0.007497 
 1210 0.007724 0.008415 
 1212 0.008954 0.008898 
 1214 0.009265 0.008710 
 1216 0.008897 0.010543 
 1218 0.008775 0.008173 
 1220 0.008031 0.011506 
 1222 0.008081 0.008066 
 1224 0.008399 0.008416 
 1226 0.008091 0.008097 
 1228 0.008019 0.008150 
 1230 0.009141 0.008171 
 1232 0.010054 0.009895 
 1234 0.009493 0.008145 
 1236 0.008579 0.008239 
 1238 0.009044 0.007802 
 1240 0.009071 0.009686 
 1242 0.008628 0.009349 
 1244 0.008116 0.009824 
 1246 0.010123 0.010005 
 1248 0.010238 0.006233 
 1250 0.008182 0.009319 
 1252 0.009789 0.011558 
 1254 0.011252 0.010393 
 1256 0.009100 0.010343 
 1258 0.018515 0.013732 
 1260 0.011680 0.009271 
 1262 0.009357 0.009386 
 1264 0.009074 0.009143 
 1266 0.008668 0.010164 
 1268 0.011027 0.011508 
 1270 0.009643 0.009676 
 1272 0.010422 0.010968 
 1274 0.009372 0.009535 
 1276 0.009473 0.009631 
 1278 0.009869 0.010654 
 1280 0.010100 0.012032 
 1282 0.013169 0.011912 
 1284 0.008981 0.009274 
 1286 0.010507 0.009521 
 1288 0.009566 0.009499 
 1290 0.009879 0.009749 
 1292 0.009625 0.009706 
 1294 0.009589 0.009732 
 1296 0.009673 0.010367 
 1298 0.010415 0.013266 
 1300 0.011650 0.010126 
 1302 0.010162 0.009565 
 1304 0.009893 0.009868 
 1306 0.010021 0.009882 
 1308 0.010975 0.008050 
 1310 0.009796 0.008098 
 1312 0.008112 0.013680 
 1314 0.011282 0.011221 
 1316 0.010957 0.010044 
 1318 0.009513 0.009275 
 1320 0.009074 0.008711 
 1322 0.008274 0.008587 
 1324 0.008420 0.008258 
 1326 0.008352 0.007205 
 1328 0.007701 0.008923 
 1330 0.013891 0.009914 
 1332 0.007594 0.012765 
 1334 0.011145 0.009022 
 1336 0.008594 0.009538 
 1338 0.015160 0.008627 
 1340 0.007055 0.007046 
 1342 0.006980 0.006958 
 1344 0.010401 0.010652 
 1346 0.008755 0.011342 
 1348 0.012495 0.012276 
 1350 0.010777 0.011494 
 1352 0.010700 0.010887 
 1354 0.010994 0.011267 
 1356 0.011031 0.010509 
 1358 0.010411 0.010599 
 1360 0.011146 0.011365 
 1362 0.010713 0.010771 
 1364 0.011199 0.011454 
 1366 0.010842 0.010380 
 1368 0.010675 0.011797 
 1370 0.010687 0.010660 
 1372 0.010896 0.011113 
 1374 0.012716 0.010658 
 1376 0.012080 0.011907 
 1378 0.010767 0.012816 
 1380 0.012979 0.012389 
 1382 0.012735 0.010710 
 1384 0.011896 0.011701 
 1386 0.011130 0.011570 
 1388 0.010978 0.010206 
 1390 0.013729 0.012846 
 1392 0.012257 0.011069 
 1394 0.009670 0.012168 
 1396 0.011527 0.011398 
 1398 0.011909 0.012310 
 1400 0.011612 0.013088 
 1402 0.012413 0.011340 
 1404 0.011814 0.014658 
 1406 0.013361 0.012927 
 1408 0.014025 0.011697 
 1410 0.011275 0.011754 
 1412 0.011896 0.011780 
 1414 0.011249 0.011211 
 1416 0.011877 0.011944 
 1418 0.013546 0.014432 
 1420 0.016956 0.018186 
 1422 0.019003 0.019997 
 1424 0.012747 0.012797 
 1426 0.011988 0.011984 
 1428 0.012363 0.011835 
 1430 0.010870 0.012199 
 1432 0.012077 0.012013 
 1434 0.012082 0.011878 
 1436 0.013610 0.012094 
 1438 0.011731 0.013346 
 1440 0.012276 0.013337 
 1442 0.012814 0.012418 
 1444 0.013176 0.014500 
 1446 0.012700 0.012765 
 1448 0.013069 0.016209 
 1450 0.013778 0.013661 
 1452 0.012275 0.013077 
 1454 0.012960 0.012205 
 1456 0.013529 0.011895 
 1458 0.012226 0.014201 
 1460 0.017212 0.015828 
 1462 0.015357 0.011806 
 1464 0.012130 0.013773 
 1466 0.013992 0.012477 
 1468 0.014411 0.012805 
 1470 0.012228 0.012752 
 1472 0.012610 0.012864 
 1474 0.015855 0.013010 
 1476 0.012869 0.012847 
 1478 0.011691 0.017593 
 1480 0.015992 0.011603 
 1482 0.012781 0.015871 
 1484 0.014735 0.011988 
 1486 0.011439 0.014057 
 1488 0.012632 0.012794 
 1490 0.012319 0.013182 
 1492 0.013956 0.013524 
 1494 0.014048 0.012874 
 1496 0.013984 0.013668 
 1498 0.012964 0.012841 
 1500 0.014451 0.012845 
 1502 0.013005 0.013921 
 1504 0.013934 0.014090 
 1506 0.014679 0.015134 
 1508 0.014052 0.013224 
 1510 0.013352 0.014627 
 1512 0.015031 0.013768 
 1514 0.014263 0.013929 
 1516 0.014070 0.013588 
 1518 0.013348 0.012911 
 1520 0.013098 0.013140 
 1522 0.019297 0.014316 
 1524 0.013922 0.013556 
 1526 0.013993 0.014097 
 1528 0.013380 0.016882 
 1530 0.014248 0.014507 
 1532 0.014820 0.014090 
 1534 0.013937 0.013998 
 1536 0.014282 0.015550 
 1538 0.014762 0.017836 
 1540 0.018680 0.014750 
 1542 0.013857 0.014419 
 1544 0.014005 0.015193 
 1546 0.014247 0.014814 
 1548 0.013972 0.013956 
 1550 0.014367 0.015151 
 1552 0.014317 0.015129 
 1554 0.014801 0.014211 
 1556 0.014978 0.013889 
 1558 0.014208 0.015115 
 1560 0.014874 0.013250 
 1562 0.015064 0.014769 
 1564 0.014365 0.013287 
 1566 0.015328 0.013558 
 1568 0.015543 0.015777 
 1570 0.014846 0.014040 
 1572 0.015450 0.014414 
 1574 0.014924 0.014152 
 1576 0.014750 0.015226 
 1578 0.014644 0.015700 
 1580 0.016290 0.015813 
 1582 0.015686 0.016165 
 1584 0.014620 0.019061 
 1586 0.016755 0.015609 
 1588 0.014229 0.013924 
 1590 0.014539 0.015574 
 1592 0.015479 0.016167 
 1594 0.016519 0.016156 
 1596 0.017836 0.016476 
 1598 0.017130 0.015920 
 1600 0.014979 0.015542 
 1602 0.015105 0.016094 
 1604 0.015816 0.016818 
 1606 0.015877 0.015719 
 1608 0.014210 0.014038 
 1610 0.014303 0.014903 
 1612 0.014293 0.014460 
 1614 0.014851 0.016976 
 1616 0.015209 0.014958 
 1618 0.015025 0.016533 
 1620 0.019657 0.018477 
 1622 0.016513 0.016260 
 1624 0.018376 0.016470 
 1626 0.014850 0.015332 
 1628 0.016109 0.016054 
 1630 0.016274 0.015736 
 1632 0.016577 0.015686 
 1634 0.015540 0.016385 
 1636 0.016992 0.016551 
 1638 0.015411 0.019121 
 1640 0.015067 0.017702 
 1642 0.016031 0.018609 
 1644 0.015292 0.015245 
 1646 0.014572 0.015554 
 1648 0.015951 0.015622 
 1650 0.015953 0.014236 
 1652 0.016295 0.015078 
 1654 0.014759 0.017676 
 1656 0.016671 0.016985 
 1658 0.017552 0.015534 
 1660 0.018455 0.020200 
 1662 0.017269 0.017563 
 1664 0.017365 0.016910 
 1666 0.017195 0.016368 
 1668 0.016170 0.016111 
 1670 0.016156 0.016330 
 1672 0.018417 0.017974 
 1674 0.016435 0.016040 
 1676 0.016436 0.016540 
 1678 0.017120 0.016019 
 1680 0.017094 0.017384 
 1682 0.016376 0.016665 
 1684 0.016154 0.016673 
 1686 0.017922 0.017599 
 1688 0.017269 0.016733 
 1690 0.016009 0.016842 
 1692 0.016699 0.016593 
 1694 0.017692 0.016400 
 1696 0.017231 0.022630 
 1698 0.020477 0.019937 
 1700 0.020125 0.018645 
 1702 0.020624 0.016805 
 1704 0.020188 0.017792 
 1706 0.016813 0.019487 
 1708 0.018765 0.017491 
 1710 0.017453 0.016582 
 1712 0.016873 0.017114 
 1714 0.016147 0.016195 
 1716 0.018627 0.023552 
 1718 0.019108 0.017781 
 1720 0.021015 0.018808 
 1722 0.021615 0.019041 
 1724 0.017452 0.021335 
 1726 0.020101 0.020740 
 1728 0.017890 0.018191 
 1730 0.018474 0.018105 
 1732 0.020130 0.018212 
 1734 0.016074 0.016108 
 1736 0.016258 0.015787 
 1738 0.018990 0.018111 
 1740 0.017029 0.016837 
 1742 0.016524 0.016033 
 1744 0.018132 0.016239 
 1746 0.016553 0.014604 
 1748 0.017527 0.016924 
 1750 0.016712 0.017482 
 1752 0.017322 0.016813 
 1754 0.016842 0.017103 
 1756 0.016340 0.019211 
 1758 0.018500 0.015456 
 1760 0.013845 0.019279 
 1762 0.018709 0.019699 
 1764 0.018513 0.019809 
 1766 0.020615 0.015247 
 1768 0.022730 0.016157 
 1770 0.018717 0.021664 
 1772 0.020287 0.019287 
 1774 0.021544 0.018957 
 1776 0.018130 0.021690 
 1778 0.021643 0.018636 
 1780 0.018686 0.020546 
 1782 0.022447 0.017905 
 1784 0.017583 0.016652 
 1786 0.022127 0.017695 
 1788 0.016953 0.017244 
 1790 0.022074 0.018335 
 1792 0.018217 0.021997 
 1794 0.022669 0.019804 
 1796 0.015493 0.015483 
 1798 0.015419 0.016098 
 1800 0.016130 0.013088 
 1802 0.013742 0.013280 
 1804 0.014599 0.015905 
 1806 0.013302 0.013723 
 1808 0.020030 0.017144 
 1810 0.014980 0.016392 
 1812 0.014951 0.024142 
 1814 0.024978 0.015521 
 1816 0.017304 0.013742 
 1818 0.012910 0.013260 
 1820 0.014123 0.022868 
 1822 0.019769 0.024993 
 1824 0.015428 0.018795 
 1826 0.025121 0.015897 
 1828 0.014484 0.025413 
 1830 0.021437 0.016060 
 1832 0.016206 0.013211 
 1834 0.016618 0.017190 
 1836 0.024812 0.018499 
 1838 0.016995 0.019458 
 1840 0.020882 0.015406 
 1842 0.014410 0.017778 
 1844 0.013729 0.014377 
 1846 0.018177 0.018803 
 1848 0.018995 0.021914 
 1850 0.024073 0.023556 
 1852 0.026006 0.023376 
 1854 0.021949 0.025070 
 1856 0.021768 0.022547 
 1858 0.014452 0.013418 
 1860 0.014620 0.014922 
 1862 0.018173 0.027171 
 1864 0.019848 0.018003 
 1866 0.019367 0.020985 
 1868 0.021891 0.019113 
 1870 0.019249 0.021298 
 1872 0.027057 0.020596 
 1874 0.020090 0.017781 
 1876 0.021292 0.021262 
 1878 0.022332 0.019888 
 1880 0.025273 0.026004 
 1882 0.021425 0.021320 
 1884 0.021132 0.025684 
 1886 0.019381 0.020662 
 1888 0.021423 0.020488 
 1890 0.022049 0.026045 
 1892 0.021738 0.018771 
 1894 0.031569 0.025015 
 1896 0.021355 0.020794 
 1898 0.023870 0.024501 
 1900 0.021691 0.020787 
 1902 0.021823 0.020435 
 1904 0.020826 0.023719 
 1906 0.021478 0.026746 
 1908 0.021409 0.013883 
 1910 0.014038 0.015311 
 1912 0.021332 0.025555 
 1914 0.027900 0.029157 
 1916 0.035462 0.024016 
 1918 0.021236 0.023387 
 1920 0.017163 0.017015 
 1922 0.029396 0.024120 
 1924 0.025131 0.027610 
 1926 0.025136 0.023372 
 1928 0.021871 0.020243 
 1930 0.019236 0.027778 
 1932 0.031013 0.026631 
 1934 0.025861 0.025416 
 1936 0.023774 0.029905 
 1938 0.023725 0.023744 
 1940 0.021641 0.026351 
 1942 0.022464 0.021604 
 1944 0.021967 0.022355 
 1946 0.019517 0.021132 
 1948 0.020370 0.021825 
 1950 0.021065 0.024224 
 1952 0.021378 0.017888 
 1954 0.026396 0.022311 
 1956 0.025715 0.023040 
 1958 0.021496 0.021297 
 1960 0.024921 0.018077 
 1962 0.020494 0.029895 
 1964 0.024943 0.020935 
 1966 0.024130 0.024437 
 1968 0.026738 0.022883 
 1970 0.023118 0.024305 
 1972 0.022085 0.023507 
 1974 0.026153 0.026138 
 1976 0.018427 0.022608 
 1978 0.021988 0.022335 
 1980 0.022366 0.023716 
 1982 0.023090 0.027186 
 1984 0.023423 0.023292 
 1986 0.022130 0.021654 
 1988 0.022050 0.024026 
 1990 0.020954 0.020794 
 1992 0.024010 0.025629 
 1994 0.023847 0.023947 
 1996 0.022465 0.023594 
 1998 0.022681 0.023340 
 2000 0.023191 0.025405 
 2002 0.023811 0.026607 
 2004 0.024157 0.022248 
 2006 0.024622 0.026739 
 2008 0.019737 0.021996 
 2010 0.023775 0.019955 
 2012 0.018168 0.024585 
 2014 0.025625 0.027384 
 2016 0.017918 0.022188 
 2018 0.025597 0.023148 
 2020 0.023775 0.025441 
 2022 0.019989 0.020248 
 2024 0.020157 0.019483 
 2026 0.016812 0.024981 
 2028 0.025520 0.024685 
 2030 0.030178 0.026558 
 2032 0.027165 0.028875 
 2034 0.020949 0.023364 
 2036 0.025489 0.019279 
 2038 0.021194 0.023294 
 2040 0.028373 0.026124 
 2042 0.027934 0.024786 
 2044 0.024375 0.020343 
 2046 0.026800 0.031151 
 2048 0.028507 0.029252 
 2050 0.026103 0.024731 
 2052 0.025608 0.025285 
 2054 0.026353 0.022442 
 2056 0.028339 0.024196 
 2058 0.026823 0.024114 
 2060 0.024642 0.028509 
 2062 0.027692 0.025804 
 2064 0.026615 0.026673 
 2066 0.023613 0.022788 
 2068 0.028556 0.028249 
 2070 0.029490 0.047305 
 2072 0.026343 0.027356 
 2074 0.028498 0.025082 
 2076 0.024786 0.031059 
 2078 0.024154 0.028395 
 2080 0.026169 0.022068 
 2082 0.026068 0.023957 
 2084 0.021775 0.020815 
 2086 0.023466 0.025691 
 2088 0.025054 0.022985 
 2090 0.030564 0.028964 
 2092 0.029697 0.025937 
 2094 0.025421 0.039695 
 2096 0.019925 0.017521 
 2098 0.018617 0.025768 
 2100 0.026275 0.024930 
 2102 0.025963 0.025901 
 2104 0.026018 0.033008 
 2106 0.035527 0.031308 
 2108 0.039422 0.032496 
 2110 0.031642 0.026282 
 2112 0.026012 0.023626 
 2114 0.020864 0.016914 
 2116 0.019738 0.021592 
 2118 0.027009 0.025010 
 2120 0.021402 0.019997 
 2122 0.034131 0.026864 
 2124 0.031476 0.031463 
 2126 0.027435 0.029148 
 2128 0.028706 0.025273 
 2130 0.030379 0.028880 
 2132 0.028515 0.026580 
 2134 0.025734 0.025933 
 2136 0.035022 0.025329 
 2138 0.026102 0.026485 
 2140 0.026330 0.025880 
 2142 0.025352 0.026899 
 2144 0.030537 0.029075 
 2146 0.025938 0.025609 
 2148 0.026571 0.025147 
 2150 0.026214 0.031513 
 2152 0.025740 0.021246 
 2154 0.024102 0.020790 
 2156 0.019958 0.021224 
 2158 0.030491 0.025934 
 2160 0.025790 0.026672 
 2162 0.027625 0.029072 
 2164 0.028782 0.026701 
 2166 0.028471 0.025826 
 2168 0.026382 0.026872 
 2170 0.025668 0.028138 
 2172 0.027957 0.033417 
 2174 0.028116 0.035161 
 2176 0.024493 0.025997 
 2178 0.027739 0.029059 
 2180 0.027630 0.030524 
 2182 0.028970 0.035923 
 2184 0.028157 0.029178 
 2186 0.026847 0.025610 
 2188 0.043133 0.026823 
 2190 0.025802 0.020339 
 2192 0.024215 0.029653 
 2194 0.032630 0.036277 
 2196 0.032753 0.035065 
 2198 0.031296 0.031773 
 2200 0.029145 0.031391 
 2202 0.026494 0.027833 
 2204 0.027726 0.037300 
 2206 0.029954 0.043460 
 2208 0.021436 0.035046 
 2210 0.033694 0.029257 
 2212 0.029092 0.029572 
 2214 0.030059 0.030773 
 2216 0.018908 0.022937 
 2218 0.025872 0.018336 
 2220 0.018120 0.029495 
 2222 0.026014 0.024391 
 2224 0.023426 0.028994 
 2226 0.034162 0.032192 
 2228 0.027168 0.021222 
 2230 0.023060 0.019979 
 2232 0.026652 0.032584 
 2234 0.033452 0.029235 
 2236 0.027196 0.019864 
 2238 0.020515 0.019996 
 2240 0.030798 0.035989 
 2242 0.037538 0.033203 
 2244 0.033301 0.027452 
 2246 0.027882 0.030322 
 2248 0.035818 0.036685 
 2250 0.036490 0.034732 
 2252 0.031859 0.029759 
 2254 0.031417 0.029276 
 2256 0.028667 0.029276 
 2258 0.028584 0.027896 
 2260 0.030146 0.029034 
 2262 0.027714 0.020362 
 2264 0.020014 0.018660 
 2266 0.019123 0.019405 
 2268 0.030156 0.018757 
 2270 0.021726 0.021416 
 2272 0.020063 0.020290 
 2274 0.028734 0.035815 
 2276 0.026454 0.028092 
 2278 0.031337 0.031568 
 2280 0.030677 0.031084 
 2282 0.032592 0.036277 
 2284 0.031335 0.027959 
 2286 0.023604 0.021697 
 2288 0.020539 0.022750 
 2290 0.023231 0.035205 
 2292 0.026517 0.021861 
 2294 0.022718 0.029392 
 2296 0.032997 0.031334 
 2298 0.029433 0.041681 
 2300 0.031969 0.031623 
 2302 0.032448 0.038002 
 2304 0.031072 0.028008 
 2306 0.025032 0.026525 
 2308 0.033647 0.045042 
 2310 0.037386 0.034630 
 2312 0.029821 0.028382 
 2314 0.033296 0.030037 
 2316 0.033130 0.032044 
 2318 0.031651 0.033909 
 2320 0.034161 0.030108 
 2322 0.031453 0.034668 
 2324 0.030997 0.032033 
 2326 0.031670 0.031744 
 2328 0.032208 0.030720 
 2330 0.033279 0.035491 
 2332 0.022184 0.024944 
 2334 0.028163 0.024382 
 2336 0.025900 0.027780 
 2338 0.035747 0.041859 
 2340 0.028835 0.026114 
 2342 0.032037 0.025868 
 2344 0.027559 0.027885 
 2346 0.022719 0.026116 
 2348 0.023668 0.031623 
 2350 0.021628 0.027239 
 2352 0.032373 0.033491 
 2354 0.027538 0.026599 
 2356 0.034425 0.030856 
 2358 0.031473 0.025905 
 2360 0.026956 0.025121 
 2362 0.029903 0.027695 
 2364 0.030820 0.029069 
 2366 0.022411 0.036749 
 2368 0.032754 0.039748 
 2370 0.035336 0.025360 
 2372 0.028530 0.034093 
 2374 0.027989 0.024817 
 2376 0.031733 0.026139 
 2378 0.030549 0.037133 
 2380 0.025977 0.029870 
 2382 0.031424 0.030931 
 2384 0.025971 0.035339 
 2386 0.023205 0.023805 
 2388 0.025622 0.022132 
 2390 0.034605 0.032854 
 2392 0.032235 0.030003 
 2394 0.030438 0.032833 
 2396 0.029967 0.033478 
 2398 0.034524 0.035744 
 2400 0.037023 0.040864 
 2402 0.033698 0.038038 
 2404 0.029260 0.034852 
 2406 0.035761 0.033018 
 2408 0.032962 0.026300 
 2410 0.027482 0.034036 
 2412 0.033918 0.032312 
 2414 0.034490 0.034428 
 2416 0.033567 0.036276 
 2418 0.029208 0.034235 
 2420 0.031100 0.038007 
 2422 0.029965 0.029845 
 2424 0.031252 0.036148 
 2426 0.033510 0.036591 
 2428 0.038909 0.031255 
 2430 0.033509 0.035715 
 2432 0.025705 0.030146 
 2434 0.032889 0.028125 
 2436 0.030665 0.034828 
 2438 0.033798 0.030974 
 2440 0.025294 0.031149 
 2442 0.032363 0.035025 
 2444 0.036693 0.039144 
 2446 0.038431 0.026345 
 2448 0.023262 0.029652 
 2450 0.033785 0.037334 
 2452 0.036600 0.036407 
 2454 0.035669 0.034309 
 2456 0.038552 0.036502 
 2458 0.040437 0.036718 
 2460 0.036607 0.036774 
 2462 0.040772 0.036678 
 2464 0.033330 0.036148 
 2466 0.027479 0.040322 
 2468 0.033300 0.030124 
 2470 0.031764 0.037405 
 2472 0.036463 0.034409 
 2474 0.031152 0.040026 
 2476 0.037188 0.037796 
 2478 0.038799 0.036567 
 2480 0.039257 0.033215 
 2482 0.037958 0.035147 
 2484 0.033114 0.037405 
 2486 0.040349 0.033367 
 2488 0.037506 0.031390 
 2490 0.032713 0.039007 
 2492 0.035911 0.044730 
 2494 0.039526 0.033067 
 2496 0.032657 0.033039 
 2498 0.028932 0.043345 
 2500 0.034500 0.033330 
 2502 0.033033 0.033603 
 2504 0.031790 0.037814 
 2506 0.043695 0.034070 
 2508 0.025737 0.030803 
 2510 0.033204 0.035243 
 2512 0.028720 0.035499 
 2514 0.034514 0.031928 
 2516 0.030455 0.026795 
 2518 0.036623 0.034216 
 2520 0.028198 0.037793 
 2522 0.032188 0.026778 
 2524 0.034614 0.031866 
 2526 0.023193 0.025841 
 2528 0.032598 0.024255 
 2530 0.022981 0.030144 
 2532 0.030505 0.023681 
 2534 0.030272 0.034437 
 2536 0.025549 0.030640 
 2538 0.034104 0.029348 
 2540 0.027540 0.033168 
 2542 0.025824 0.024518 
 2544 0.030095 0.038899 
 2546 0.033590 0.034361 
 2548 0.026201 0.024074 
 2550 0.026735 0.036238 
 2552 0.029752 0.032800 
 2554 0.031846 0.030556 
 2556 0.042268 0.030963 
 2558 0.029921 0.047007 
 2560 0.028458 0.046158 
 2562 0.033280 0.043291 
 2564 0.043160 0.042852 
 2566 0.043778 0.033522 
 2568 0.037397 0.037966 
 2570 0.044530 0.034404 
 2572 0.034686 0.038557 
 2574 0.045139 0.037174 
 2576 0.038177 0.034412 
 2578 0.032966 0.026751 
 2580 0.034738 0.031795 
 2582 0.028022 0.032410 
 2584 0.041978 0.027914 
 2586 0.031491 0.038980 
 2588 0.029337 0.037082 
 2590 0.043382 0.030826 
 2592 0.033352 0.037697 
 2594 0.034220 0.047675 
 2596 0.041768 0.040252 
 2598 0.035795 0.025437 
 2600 0.025358 0.025622 
 2602 0.033308 0.025414 
 2604 0.025397 0.034292 
 2606 0.030953 0.027329 
 2608 0.033440 0.026448 
 2610 0.032913 0.030312 
 2612 0.026908 0.032711 
 2614 0.030714 0.028817 
 2616 0.034824 0.039158 
 2618 0.038569 0.035212 
 2620 0.034451 0.040140 
 2622 0.030555 0.037074 
 2624 0.032266 0.037789 
 2626 0.042561 0.034956 
 2628 0.032673 0.035103 
 2630 0.031852 0.036720 
 2632 0.031276 0.038478 
 2634 0.030349 0.030552 
 2636 0.040468 0.027176 
 2638 0.029630 0.033711 
 2640 0.032693 0.029030 
 2642 0.033121 0.027018 
 2644 0.026084 0.027075 
 2646 0.027360 0.025737 
 2648 0.028930 0.036748 
 2650 0.037270 0.036341 
 2652 0.039989 0.044707 
 2654 0.035470 0.045961 
 2656 0.038224 0.037201 
 2658 0.038437 0.032201 
 2660 0.036024 0.035932 
 2662 0.040843 0.051143 
 2664 0.035105 0.043698 
 2666 0.034028 0.036106 
 2668 0.033963 0.036676 
 2670 0.046824 0.043742 
 2672 0.050081 0.048413 
 2674 0.044780 0.041160 
 2676 0.033958 0.031681 
 2678 0.030979 0.031019 
 2680 0.030841 0.029639 
 2682 0.032902 0.050867 
 2684 0.052698 0.050054 
 2686 0.043945 0.041629 
 2688 0.030617 0.031506 
 2690 0.033605 0.045052 
 2692 0.047482 0.051840 
 2694 0.046940 0.030369 
 2696 0.032588 0.041245 
 2698 0.040787 0.035826 
 2700 0.029479 0.029089 
 2702 0.031493 0.042846 
 2704 0.028989 0.028136 
 2706 0.029192 0.039072 
 2708 0.034472 0.039383 
 2710 0.032197 0.032015 
 2712 0.033979 0.036860 
 2714 0.052927 0.037771 
 2716 0.043449 0.044839 
 2718 0.036162 0.040680 
 2720 0.030249 0.043822 
 2722 0.036485 0.035799 
 2724 0.038491 0.033935 
 2726 0.040261 0.040132 
 2728 0.040257 0.038963 
 2730 0.031842 0.037943 
 2732 0.029500 0.029413 
 2734 0.037410 0.042024 
 2736 0.045239 0.046677 
 2738 0.037741 0.054723 
 2740 0.040453 0.045201 
 2742 0.041781 0.038828 
 2744 0.034968 0.039580 
 2746 0.042377 0.044400 
 2748 0.036322 0.039748 
 2750 0.039900 0.044401 
 2752 0.046237 0.048314 
 2754 0.035227 0.046623 
 2756 0.034651 0.044548 
 2758 0.040501 0.039143 
 2760 0.036101 0.036805 
 2762 0.039038 0.042504 
 2764 0.038668 0.046363 
 2766 0.036496 0.032562 
 2768 0.042285 0.033961 
 2770 0.036706 0.043872 
 2772 0.048075 0.038819 
 2774 0.034748 0.061529 
 2776 0.075812 0.047366 
 2778 0.033874 0.035299 
 2780 0.036493 0.040189 
 2782 0.048316 0.035624 
 2784 0.045061 0.043823 
 2786 0.036206 0.040634 
 2788 0.037233 0.041825 
 2790 0.035434 0.047079 
 2792 0.033755 0.034500 
 2794 0.039787 0.038885 
 2796 0.043195 0.035036 
 2798 0.031887 0.042911 
 2800 0.031240 0.036802 
 2802 0.050223 0.041165 
 2804 0.042783 0.047506 
 2806 0.050229 0.032320 
 2808 0.034380 0.045348 
 2810 0.048352 0.036867 
 2812 0.042970 0.036095 
 2814 0.039040 0.038866 
 2816 0.041023 0.044890 
 2818 0.030419 0.035802 
 2820 0.035143 0.031613 
 2822 0.043263 0.039179 
 2824 0.043062 0.042259 
 2826 0.032621 0.040579 
 2828 0.029594 0.035047 
 2830 0.040778 0.040332 
 2832 0.040683 0.039906 
 2834 0.037846 0.043362 
 2836 0.037436 0.040896 
 2838 0.034109 0.041827 
 2840 0.039853 0.040306 
 2842 0.042150 0.036412 
 2844 0.042050 0.030427 
 2846 0.044412 0.040403 
 2848 0.035655 0.040924 
 2850 0.029855 0.047181 
 2852 0.036945 0.049347 
 2854 0.049191 0.052879 
 2856 0.046353 0.045158 
 2858 0.042093 0.034536 
 2860 0.049561 0.057864 
 2862 0.044241 0.041152 
 2864 0.046176 0.044345 
 2866 0.048981 0.035023 
 2868 0.043375 0.039172 
 2870 0.049393 0.034628 
 2872 0.040353 0.046846 
 2874 0.041416 0.051390 
 2876 0.034395 0.053668 
 2878 0.034306 0.038244 
 2880 0.033558 0.036390 
 2882 0.033877 0.029770 
 2884 0.031559 0.031963 
 2886 0.034120 0.032178 
 2888 0.034432 0.033255 
 2890 0.033761 0.031999 
 2892 0.033343 0.036432 
 2894 0.030372 0.033533 
 2896 0.030853 0.030179 
 2898 0.034025 0.030262 
 2900 0.030841 0.031482 
 2902 0.032422 0.033428 
 2904 0.030668 0.035582 
 2906 0.030961 0.032496 
 2908 0.033442 0.037361 
 2910 0.034169 0.045426 
 2912 0.060910 0.047751 
 2914 0.055188 0.050785 
 2916 0.047221 0.047011 
 2918 0.057770 0.045003 
 2920 0.040999 0.039560 
 2922 0.057822 0.044411 
 2924 0.048572 0.043086 
 2926 0.048391 0.035521 
 2928 0.039998 0.050631 
 2930 0.056191 0.045705 
 2932 0.045792 0.044778 
 2934 0.043569 0.043497 
 2936 0.043249 0.038070 
 2938 0.045203 0.038513 
 2940 0.051545 0.047585 
 2942 0.053897 0.046726 
 2944 0.051471 0.054804 
 2946 0.052820 0.040571 
 2948 0.035732 0.041313 
 2950 0.046916 0.040009 
 2952 0.041919 0.038137 
 2954 0.043297 0.044656 
 2956 0.058025 0.040380 
 2958 0.045477 0.035657 
 2960 0.037058 0.039213 
 2962 0.034932 0.041082 
 2964 0.039383 0.047639 
 2966 0.044913 0.050072 
 2968 0.044074 0.046589 
 2970 0.042814 0.048565 
 2972 0.046539 0.040307 
 2974 0.041774 0.053684 
 2976 0.049766 0.043065 
 2978 0.047190 0.043010 
 2980 0.042802 0.042876 
 2982 0.040831 0.042706 
 2984 0.050789 0.039989 
 2986 0.041963 0.038908 
 2988 0.043287 0.033912 
 2990 0.032130 0.043244 
 2992 0.035434 0.047633 
 2994 0.032610 0.031684 
 2996 0.044273 0.033296 
 2998 0.048399 0.045462 
 3000 0.046196 0.043896 
